# relative_time, cycles_done, cur_item, corpus_count, pending_total, pending_favs, map_size, saved_crashes, saved_hangs, max_depth, execs_per_sec, total_execs, edges_found
61, 0, 3, 362, 362, 10, 66.39%, 0, 1, 2, 175.96, 10475, 808
66, 0, 3, 370, 370, 10, 66.39%, 0, 1, 2, 176.08, 11384, 808
71, 0, 3, 379, 379, 10, 66.39%, 0, 1, 2, 174.20, 12279, 808
76, 0, 3, 390, 390, 10, 66.39%, 0, 1, 2, 174.33, 13178, 808
82, 0, 3, 397, 397, 10, 66.47%, 0, 1, 2, 177.02, 14100, 809
87, 0, 3, 403, 403, 10, 66.47%, 0, 1, 2, 175.33, 14994, 809
92, 0, 3, 407, 407, 10, 66.56%, 0, 1, 2, 176.65, 15904, 810
97, 0, 3, 409, 409, 10, 66.56%, 0, 1, 2, 177.02, 16812, 810
102, 0, 3, 412, 412, 10, 66.56%, 0, 1, 2, 172.88, 17694, 810
107, 0, 3, 416, 416, 10, 66.56%, 0, 1, 2, 169.87, 18574, 810
113, 0, 3, 417, 417, 10, 66.56%, 0, 2, 2, 11.67, 19416, 810
118, 0, 3, 421, 421, 10, 66.72%, 0, 2, 2, 173.64, 20320, 812
124, 0, 3, 424, 424, 10, 66.72%, 0, 2, 2, 174.41, 21223, 812
129, 0, 3, 426, 426, 10, 66.72%, 0, 2, 2, 174.90, 22122, 812
134, 0, 3, 429, 429, 10, 66.72%, 0, 3, 2, 176.50, 22843, 812
139, 0, 3, 429, 429, 10, 66.72%, 0, 4, 2, 170.98, 23549, 812
144, 0, 3, 432, 432, 10, 66.80%, 0, 4, 2, 172.97, 24418, 813
149, 0, 3, 434, 434, 10, 66.80%, 0, 4, 2, 172.79, 25306, 813
154, 0, 3, 435, 435, 10, 66.80%, 0, 4, 2, 167.61, 26183, 813
160, 0, 3, 436, 436, 10, 66.80%, 0, 4, 2, 172.58, 27075, 813
165, 0, 3, 438, 438, 10, 66.80%, 0, 4, 2, 176.14, 27980, 813
170, 0, 3, 438, 438, 10, 66.80%, 0, 4, 2, 176.26, 28877, 813
175, 0, 3, 440, 440, 10, 66.97%, 0, 5, 2, 164.31, 29585, 815
180, 0, 3, 442, 442, 10, 66.97%, 0, 5, 2, 174.18, 30493, 815
185, 0, 3, 442, 442, 10, 66.97%, 0, 5, 2, 175.47, 31393, 815
190, 0, 3, 444, 444, 10, 67.05%, 0, 5, 2, 175.67, 32298, 816
195, 0, 3, 447, 447, 10, 67.05%, 0, 5, 2, 173.71, 33189, 816
201, 0, 3, 447, 447, 10, 67.05%, 0, 5, 2, 174.88, 34083, 816
206, 0, 3, 451, 451, 10, 67.38%, 0, 5, 2, 172.68, 34948, 820
211, 0, 3, 452, 452, 10, 67.38%, 0, 5, 2, 173.60, 35846, 820
216, 0, 3, 457, 457, 10, 67.38%, 0, 5, 2, 167.04, 36694, 820
221, 0, 3, 473, 473, 10, 67.46%, 0, 5, 2, 170.52, 37565, 821
226, 0, 3, 477, 477, 10, 67.46%, 0, 5, 2, 169.74, 38418, 821
231, 0, 3, 483, 483, 10, 67.46%, 0, 5, 2, 170.73, 39279, 821
236, 0, 3, 486, 486, 10, 67.46%, 0, 5, 2, 172.06, 40167, 821
241, 0, 3, 488, 488, 10, 67.46%, 0, 5, 2, 172.07, 41063, 821
247, 0, 363, 489, 488, 66, 67.46%, 0, 6, 2, 11.65, 41736, 821
252, 0, 4, 493, 491, 65, 67.46%, 0, 6, 3, 162.72, 42560, 821
257, 0, 4, 526, 524, 65, 67.79%, 0, 6, 3, 155.96, 43340, 825
262, 0, 4, 548, 546, 65, 68.28%, 0, 6, 3, 162.49, 44163, 831
268, 0, 4, 564, 562, 65, 68.28%, 0, 6, 3, 163.02, 44992, 831
273, 0, 4, 579, 577, 65, 68.28%, 0, 6, 3, 164.26, 45820, 831
278, 0, 4, 589, 587, 65, 68.53%, 0, 6, 3, 164.52, 46667, 834
283, 0, 4, 598, 596, 65, 68.61%, 0, 6, 3, 163.10, 47492, 835
288, 0, 4, 602, 600, 65, 68.61%, 0, 6, 3, 163.99, 48321, 835
293, 0, 4, 608, 606, 65, 68.61%, 0, 6, 3, 161.54, 49140, 835
298, 0, 4, 611, 609, 65, 68.61%, 0, 6, 3, 161.79, 49983, 835
303, 0, 4, 619, 617, 65, 68.61%, 0, 6, 3, 162.48, 50807, 835
308, 0, 4, 623, 621, 65, 68.61%, 0, 6, 3, 163.49, 51645, 835
313, 0, 4, 627, 625, 65, 68.69%, 0, 6, 3, 163.42, 52468, 836
318, 0, 4, 629, 627, 65, 68.69%, 0, 6, 3, 159.00, 53268, 836
323, 0, 4, 631, 629, 65, 68.69%, 0, 6, 3, 162.16, 54098, 836
329, 0, 4, 635, 633, 65, 68.78%, 0, 6, 3, 165.51, 54942, 837
334, 0, 4, 637, 635, 65, 68.78%, 0, 6, 3, 162.66, 55760, 837
339, 0, 4, 641, 639, 65, 68.78%, 0, 6, 3, 163.91, 56583, 837
344, 0, 4, 641, 639, 65, 68.78%, 0, 6, 3, 165.31, 57426, 837
349, 0, 4, 643, 641, 65, 68.78%, 0, 6, 3, 160.56, 58226, 837
354, 0, 4, 646, 644, 65, 68.78%, 0, 6, 3, 164.28, 59075, 837
359, 0, 4, 647, 645, 65, 68.86%, 0, 6, 3, 163.57, 59901, 838
364, 0, 4, 649, 647, 65, 68.94%, 0, 6, 3, 164.27, 60731, 839
369, 0, 4, 651, 649, 65, 68.94%, 0, 6, 3, 165.56, 61570, 839
374, 0, 4, 653, 651, 65, 68.94%, 0, 6, 3, 164.44, 62415, 839
379, 0, 4, 653, 651, 65, 68.94%, 0, 6, 3, 164.32, 63270, 839
384, 0, 4, 655, 653, 65, 68.94%, 0, 6, 3, 163.59, 64115, 839
390, 0, 4, 656, 654, 65, 68.94%, 0, 6, 3, 161.40, 64947, 839
395, 0, 4, 657, 655, 65, 68.94%, 0, 6, 3, 160.62, 65777, 839
400, 0, 4, 659, 657, 65, 68.94%, 0, 6, 3, 161.46, 66613, 839
405, 0, 4, 662, 660, 65, 68.94%, 0, 6, 3, 161.29, 67441, 839
410, 0, 4, 663, 661, 65, 68.94%, 0, 6, 3, 161.21, 68276, 839
415, 0, 4, 668, 666, 65, 69.02%, 0, 6, 3, 161.58, 69118, 840
421, 0, 4, 671, 669, 65, 69.02%, 0, 6, 3, 163.04, 69970, 840
426, 0, 4, 673, 671, 65, 69.02%, 0, 6, 3, 161.04, 70779, 840
431, 0, 4, 674, 672, 65, 69.02%, 0, 6, 3, 160.17, 71590, 840
436, 0, 4, 677, 675, 65, 69.02%, 0, 6, 3, 160.66, 72394, 840
441, 0, 4, 678, 676, 65, 69.02%, 0, 6, 3, 162.54, 73238, 840
446, 0, 4, 680, 678, 65, 69.02%, 0, 6, 3, 162.83, 74077, 840
451, 0, 4, 681, 679, 65, 69.02%, 0, 6, 3, 163.48, 74894, 840
456, 0, 4, 681, 679, 65, 69.02%, 0, 6, 3, 163.85, 75737, 840
461, 0, 4, 682, 680, 65, 69.02%, 0, 6, 3, 162.60, 76566, 840
466, 0, 4, 687, 685, 65, 69.02%, 0, 6, 3, 159.48, 77368, 840
471, 0, 4, 691, 689, 65, 69.02%, 0, 6, 3, 162.06, 78176, 840
477, 0, 4, 691, 689, 65, 69.02%, 0, 6, 3, 163.82, 79025, 840
482, 0, 4, 693, 691, 65, 69.02%, 0, 6, 3, 165.94, 79873, 840
487, 0, 4, 694, 692, 65, 69.02%, 0, 6, 3, 164.41, 80699, 840
492, 0, 4, 698, 696, 65, 69.02%, 0, 6, 3, 164.74, 81552, 840
497, 0, 2, 711, 708, 75, 69.19%, 0, 6, 3, 165.00, 82365, 842
502, 0, 2, 715, 712, 75, 69.19%, 0, 6, 3, 174.29, 83251, 842
507, 0, 2, 716, 713, 75, 69.19%, 0, 6, 3, 174.78, 84146, 842
512, 0, 2, 716, 713, 75, 69.19%, 0, 6, 3, 174.80, 85043, 842
517, 0, 2, 716, 713, 75, 69.19%, 0, 6, 3, 174.48, 85937, 842
523, 0, 2, 717, 714, 75, 69.19%, 0, 6, 3, 175.02, 86829, 842
528, 0, 2, 717, 714, 75, 69.19%, 0, 6, 3, 174.23, 87729, 842
533, 0, 2, 717, 714, 75, 69.19%, 0, 6, 3, 176.13, 88635, 842
538, 0, 2, 718, 715, 75, 69.19%, 0, 6, 3, 174.21, 89542, 842
544, 0, 2, 718, 715, 75, 69.19%, 0, 7, 3, 3.76, 90398, 842
549, 0, 2, 718, 715, 75, 69.19%, 0, 7, 3, 177.51, 91307, 842
554, 0, 2, 718, 715, 75, 69.19%, 0, 7, 3, 175.00, 92201, 842
559, 0, 2, 719, 716, 75, 69.27%, 0, 7, 3, 174.57, 93105, 843
565, 0, 2, 719, 716, 75, 69.27%, 0, 7, 3, 173.40, 93996, 843
570, 0, 2, 719, 716, 75, 69.27%, 0, 7, 3, 175.86, 94896, 843
575, 0, 2, 719, 716, 75, 69.27%, 0, 7, 3, 174.49, 95787, 843
580, 0, 2, 719, 716, 75, 69.27%, 0, 7, 3, 173.76, 96648, 843
585, 0, 2, 719, 716, 75, 69.27%, 0, 7, 3, 175.63, 97560, 843
590, 0, 2, 719, 716, 75, 69.27%, 0, 7, 3, 173.75, 98448, 843
595, 0, 2, 719, 716, 75, 69.27%, 0, 7, 3, 174.07, 99339, 843
600, 0, 2, 719, 716, 75, 69.27%, 0, 7, 3, 176.49, 100245, 843
606, 0, 2, 719, 716, 75, 69.27%, 0, 7, 3, 175.72, 101142, 843
611, 0, 2, 720, 717, 75, 69.27%, 0, 7, 3, 176.92, 102055, 843
616, 0, 2, 721, 718, 75, 69.27%, 0, 7, 3, 171.45, 102944, 843
621, 0, 2, 721, 718, 75, 69.27%, 0, 7, 3, 171.29, 103835, 843
626, 0, 2, 721, 718, 75, 69.27%, 0, 7, 3, 172.94, 104729, 843
631, 0, 2, 721, 718, 75, 69.27%, 0, 7, 3, 174.60, 105626, 843
637, 0, 2, 722, 719, 75, 69.27%, 0, 8, 3, 179.24, 106357, 843
642, 0, 2, 722, 719, 75, 69.27%, 0, 8, 3, 178.75, 107275, 843
647, 0, 2, 722, 719, 75, 69.27%, 0, 8, 3, 175.31, 108163, 843
652, 0, 2, 722, 719, 75, 69.27%, 0, 8, 3, 176.54, 109066, 843
657, 0, 2, 722, 719, 75, 69.27%, 0, 8, 3, 175.32, 109954, 843
662, 0, 2, 722, 719, 75, 69.27%, 0, 8, 3, 173.44, 110848, 843
667, 0, 2, 722, 719, 75, 69.27%, 0, 8, 3, 175.60, 111751, 843
672, 0, 2, 722, 719, 75, 69.27%, 0, 8, 3, 178.36, 112678, 843
678, 0, 2, 723, 720, 75, 69.35%, 0, 8, 3, 174.47, 113567, 844
683, 0, 2, 723, 720, 75, 69.35%, 0, 8, 3, 177.19, 114467, 844
688, 0, 393, 723, 719, 78, 69.35%, 0, 8, 3, 170.59, 115351, 844
693, 0, 5, 723, 718, 77, 69.35%, 0, 8, 3, 159.09, 116201, 844
698, 0, 5, 723, 718, 77, 69.35%, 0, 8, 3, 113.44, 116712, 844
703, 0, 5, 723, 718, 77, 69.35%, 0, 8, 3, 103.97, 117224, 844
708, 0, 5, 723, 718, 77, 69.35%, 0, 8, 3, 103.31, 117742, 844
713, 0, 5, 769, 764, 77, 71.41%, 0, 8, 3, 106.73, 118285, 869
718, 0, 5, 813, 808, 77, 72.23%, 0, 8, 3, 108.92, 118843, 879
723, 0, 5, 842, 837, 77, 72.64%, 0, 8, 3, 110.35, 119414, 884
728, 0, 5, 864, 859, 77, 73.13%, 0, 8, 3, 112.28, 119978, 890
734, 0, 5, 880, 875, 77, 73.29%, 0, 8, 3, 114.13, 120550, 892
739, 0, 5, 895, 890, 77, 73.62%, 0, 8, 3, 113.13, 121127, 896
744, 0, 5, 907, 902, 77, 73.71%, 0, 8, 3, 112.23, 121697, 897
749, 0, 5, 916, 911, 77, 73.79%, 0, 8, 3, 111.20, 122258, 898
754, 0, 5, 926, 921, 77, 73.95%, 0, 8, 3, 110.33, 122833, 900
759, 0, 5, 936, 931, 77, 74.03%, 0, 8, 3, 113.23, 123413, 901
764, 0, 5, 945, 940, 77, 74.12%, 0, 8, 3, 114.35, 124008, 902
769, 0, 5, 954, 949, 77, 74.20%, 0, 8, 3, 113.86, 124599, 903
774, 0, 5, 961, 956, 77, 74.20%, 0, 8, 3, 114.05, 125182, 903
780, 0, 5, 969, 964, 77, 74.20%, 0, 8, 3, 114.06, 125770, 903
785, 0, 5, 975, 970, 77, 74.28%, 0, 8, 3, 114.09, 126362, 904
790, 0, 5, 978, 973, 77, 74.28%, 0, 8, 3, 115.15, 126955, 904
795, 0, 5, 985, 980, 77, 74.28%, 0, 8, 3, 114.64, 127532, 904
800, 0, 5, 989, 984, 77, 74.36%, 0, 8, 3, 113.74, 128102, 905
805, 0, 5, 994, 989, 77, 74.45%, 0, 8, 3, 113.98, 128681, 906
810, 0, 5, 997, 992, 77, 74.53%, 0, 8, 3, 113.71, 129252, 907
815, 0, 5, 1001, 996, 77, 74.61%, 0, 8, 3, 113.87, 129822, 908
820, 0, 5, 1005, 1000, 77, 74.61%, 0, 8, 3, 114.40, 130396, 908
825, 0, 5, 1006, 1001, 77, 74.61%, 0, 8, 3, 114.75, 130993, 908
830, 0, 5, 1011, 1006, 77, 74.61%, 0, 8, 3, 114.58, 131578, 908
836, 0, 5, 1012, 1007, 77, 74.61%, 0, 8, 3, 115.07, 132175, 908
841, 0, 5, 1012, 1007, 77, 74.61%, 0, 8, 3, 112.83, 132741, 908
846, 0, 5, 1015, 1010, 77, 74.61%, 0, 8, 3, 113.75, 133312, 908
851, 0, 5, 1018, 1013, 77, 74.61%, 0, 8, 3, 113.12, 133881, 908
856, 0, 5, 1021, 1016, 77, 74.61%, 0, 8, 3, 113.45, 134460, 908
861, 0, 5, 1023, 1018, 77, 74.61%, 0, 8, 3, 113.16, 135026, 908
866, 0, 5, 1024, 1019, 77, 74.61%, 0, 8, 3, 110.35, 135583, 908
871, 0, 5, 1025, 1020, 77, 74.61%, 0, 8, 3, 112.51, 136150, 908
876, 0, 5, 1026, 1021, 77, 74.61%, 0, 8, 3, 113.57, 136723, 908
881, 0, 5, 1030, 1025, 77, 74.61%, 0, 8, 3, 112.95, 137291, 908
886, 0, 5, 1032, 1027, 77, 74.61%, 0, 8, 3, 113.97, 137863, 908
891, 0, 5, 1037, 1032, 77, 74.69%, 0, 8, 3, 126.42, 138488, 909
896, 0, 5, 1047, 1042, 77, 74.69%, 0, 8, 3, 162.97, 139348, 909
901, 0, 5, 1055, 1050, 77, 74.69%, 0, 8, 3, 168.79, 140207, 909
906, 0, 5, 1059, 1054, 77, 74.69%, 0, 8, 3, 153.99, 141006, 909
912, 0, 5, 1068, 1063, 77, 74.69%, 0, 8, 3, 158.31, 141830, 909
917, 0, 5, 1068, 1063, 77, 74.69%, 0, 8, 3, 160.48, 142655, 909
922, 0, 5, 1073, 1068, 77, 74.69%, 0, 8, 3, 157.78, 143420, 909
927, 0, 5, 1076, 1071, 77, 74.69%, 0, 8, 3, 168.24, 144281, 909
932, 0, 471, 1078, 1072, 116, 74.69%, 0, 8, 3, 142.15, 144918, 909
937, 0, 471, 1087, 1081, 116, 74.77%, 0, 8, 3, 155.55, 145725, 910
942, 0, 471, 1101, 1095, 116, 74.94%, 0, 8, 3, 161.09, 146549, 912
947, 0, 471, 1112, 1106, 116, 74.94%, 0, 8, 3, 162.67, 147394, 912
952, 0, 471, 1120, 1114, 116, 74.94%, 0, 8, 3, 164.16, 148218, 912
957, 0, 471, 1126, 1120, 116, 75.02%, 0, 8, 3, 162.27, 149031, 913
962, 0, 471, 1129, 1123, 116, 75.02%, 0, 8, 3, 159.73, 149850, 913
967, 0, 1036, 1131, 1123, 120, 75.02%, 0, 8, 3, 152.71, 150617, 913
972, 0, 1036, 1136, 1128, 120, 75.02%, 0, 8, 3, 155.62, 151426, 913
978, 0, 1036, 1141, 1133, 120, 75.02%, 0, 8, 3, 161.90, 152282, 913
983, 0, 721, 1143, 1134, 118, 75.02%, 0, 8, 3, 162.83, 153113, 913
988, 0, 721, 1163, 1154, 118, 75.02%, 0, 8, 3, 164.93, 153965, 913
993, 0, 721, 1167, 1158, 118, 75.02%, 0, 8, 3, 163.84, 154802, 913
998, 0, 721, 1174, 1165, 118, 75.02%, 0, 8, 3, 168.70, 155664, 913
1003, 0, 721, 1179, 1170, 118, 75.02%, 0, 8, 3, 167.42, 156506, 913
1008, 0, 485, 1182, 1172, 116, 75.02%, 0, 8, 3, 155.26, 157281, 913
1013, 0, 485, 1214, 1204, 116, 75.76%, 0, 8, 3, 150.95, 158024, 922
1018, 0, 485, 1235, 1225, 116, 75.92%, 0, 8, 3, 153.02, 158807, 924
1024, 0, 485, 1248, 1238, 116, 76.50%, 0, 8, 3, 150.75, 159585, 931
1029, 0, 485, 1255, 1245, 116, 76.58%, 0, 8, 3, 155.38, 160375, 932
1034, 0, 485, 1260, 1250, 116, 76.58%, 0, 8, 3, 155.70, 161157, 932
1039, 0, 485, 1264, 1254, 116, 76.58%, 0, 8, 3, 154.94, 161944, 932
1044, 0, 1, 1268, 1257, 124, 76.75%, 0, 8, 3, 144.92, 162695, 934
1049, 0, 1, 1333, 1322, 124, 77.24%, 0, 8, 3, 159.05, 163507, 940
1054, 0, 1, 1381, 1370, 124, 77.73%, 0, 8, 3, 163.47, 164341, 946
1059, 0, 1, 1407, 1396, 124, 77.81%, 0, 8, 3, 166.69, 165210, 947
1064, 0, 1, 1431, 1420, 124, 77.90%, 0, 8, 3, 167.25, 166059, 948
1069, 0, 1, 1454, 1443, 124, 77.90%, 0, 8, 3, 166.78, 166916, 948
1074, 0, 1, 1469, 1458, 124, 77.90%, 0, 8, 3, 167.57, 167765, 948
1080, 0, 1, 1485, 1474, 124, 77.98%, 0, 8, 3, 167.40, 168607, 949
1085, 0, 1, 1499, 1488, 124, 78.06%, 0, 8, 3, 169.48, 169472, 950
1090, 0, 1, 1506, 1495, 124, 78.06%, 0, 8, 3, 170.14, 170331, 950
1095, 0, 1, 1515, 1504, 124, 78.14%, 0, 8, 3, 167.00, 171168, 951
1100, 0, 1, 1521, 1510, 124, 78.14%, 0, 8, 3, 167.83, 172017, 951
1105, 0, 1, 1530, 1519, 124, 78.14%, 0, 8, 3, 170.46, 172887, 951
1110, 0, 1, 1535, 1524, 124, 78.14%, 0, 8, 3, 166.71, 173720, 951
1115, 0, 1, 1542, 1531, 124, 78.23%, 0, 8, 3, 167.77, 174573, 952
1120, 0, 1, 1550, 1539, 124, 78.23%, 0, 8, 3, 167.06, 175424, 952
1125, 0, 1, 1551, 1540, 124, 78.23%, 0, 8, 3, 167.59, 176277, 952
1130, 0, 1, 1554, 1543, 124, 78.23%, 0, 8, 3, 169.44, 177129, 952
1135, 0, 1, 1559, 1548, 124, 78.31%, 0, 8, 3, 168.92, 177980, 953
1140, 0, 1, 1563, 1552, 124, 78.31%, 0, 8, 3, 168.97, 178836, 953
1145, 0, 1, 1564, 1553, 124, 78.31%, 0, 8, 3, 170.05, 179692, 953
1150, 0, 1, 1567, 1556, 124, 78.39%, 0, 8, 3, 168.83, 180544, 954
1155, 0, 1, 1569, 1558, 124, 78.39%, 0, 8, 3, 169.52, 181401, 954
1160, 0, 1, 1571, 1560, 124, 78.39%, 0, 8, 3, 171.00, 182258, 954
1165, 0, 1, 1572, 1561, 124, 78.39%, 0, 8, 3, 169.11, 183099, 954
1171, 0, 1, 1577, 1566, 124, 78.39%, 0, 8, 3, 167.31, 183944, 954
1176, 0, 1, 1580, 1569, 124, 78.39%, 0, 8, 3, 168.76, 184802, 954
1181, 0, 1, 1585, 1574, 124, 78.47%, 0, 8, 3, 163.25, 185656, 955
1186, 0, 1, 1589, 1578, 124, 78.47%, 0, 8, 3, 164.76, 186487, 955
1191, 0, 1, 1589, 1578, 124, 78.47%, 0, 8, 3, 167.47, 187328, 955
1196, 0, 1, 1589, 1578, 124, 78.47%, 0, 8, 3, 170.47, 188180, 955
1201, 0, 1, 1591, 1580, 124, 78.47%, 0, 8, 3, 169.99, 189031, 955
1206, 0, 1, 1592, 1581, 124, 78.47%, 0, 8, 3, 170.14, 189892, 955
1211, 0, 1, 1596, 1585, 124, 78.47%, 0, 8, 3, 169.18, 190743, 955
1216, 0, 1, 1598, 1587, 124, 78.47%, 0, 8, 3, 169.47, 191603, 955
1221, 0, 1, 1601, 1590, 124, 78.47%, 0, 8, 3, 168.74, 192452, 955
1226, 0, 1, 1602, 1591, 124, 78.47%, 0, 8, 3, 169.33, 193314, 955
1231, 0, 1, 1603, 1592, 124, 78.47%, 0, 8, 3, 169.85, 194173, 955
1236, 0, 1, 1605, 1594, 124, 78.47%, 0, 8, 3, 168.14, 195015, 955
1242, 0, 1, 1605, 1594, 124, 78.47%, 0, 9, 3, 155.93, 195688, 955
1247, 0, 1, 1606, 1595, 124, 78.47%, 0, 10, 3, 170.17, 196359, 955
1252, 0, 1, 1608, 1597, 124, 78.47%, 0, 10, 3, 166.92, 197198, 955
1257, 0, 1, 1611, 1600, 124, 78.47%, 0, 10, 3, 168.31, 198050, 955
1262, 0, 1, 1632, 1621, 124, 78.64%, 0, 10, 3, 170.41, 198910, 957
1267, 0, 1, 1634, 1623, 124, 78.80%, 0, 10, 3, 166.58, 199743, 959
1272, 0, 1, 1638, 1627, 124, 78.80%, 0, 10, 3, 169.32, 200599, 959
1277, 0, 1, 1640, 1629, 124, 78.80%, 0, 10, 3, 168.57, 201462, 959
1282, 0, 1, 1643, 1632, 124, 78.80%, 0, 10, 3, 168.19, 202311, 959
1287, 0, 1201, 1643, 1631, 145, 78.80%, 0, 10, 3, 142.17, 202987, 959
1292, 0, 1201, 1645, 1633, 145, 78.80%, 0, 10, 4, 144.69, 203702, 959
1297, 0, 1201, 1652, 1640, 145, 78.88%, 0, 10, 4, 150.78, 204477, 960
1302, 0, 1201, 1656, 1644, 145, 78.88%, 0, 10, 4, 153.58, 205255, 960
1307, 0, 1201, 1657, 1645, 145, 78.88%, 0, 10, 4, 152.50, 206030, 960
1313, 0, 1201, 1660, 1648, 145, 78.88%, 0, 10, 4, 152.94, 206798, 960
1318, 0, 1201, 1662, 1650, 145, 78.88%, 0, 10, 4, 153.66, 207575, 960
1323, 0, 1201, 1663, 1651, 145, 78.88%, 0, 10, 4, 153.55, 208355, 960
1328, 0, 1201, 1666, 1654, 145, 78.88%, 0, 10, 4, 152.36, 209129, 960
1333, 0, 1201, 1666, 1654, 145, 78.88%, 0, 10, 4, 153.86, 209912, 960
1338, 0, 1201, 1666, 1654, 145, 78.88%, 0, 10, 4, 153.34, 210692, 960
1343, 0, 1201, 1666, 1654, 145, 78.88%, 0, 10, 4, 156.27, 211481, 960
1348, 0, 1201, 1667, 1655, 145, 78.88%, 0, 10, 4, 153.95, 212259, 960
1353, 0, 1201, 1669, 1657, 145, 78.88%, 0, 10, 4, 155.66, 213041, 960
1358, 0, 1201, 1670, 1658, 145, 78.88%, 0, 10, 4, 157.43, 213831, 960
1363, 0, 1201, 1671, 1659, 145, 78.88%, 0, 10, 4, 157.52, 214618, 960
1368, 0, 1201, 1672, 1660, 145, 78.88%, 0, 10, 4, 157.66, 215408, 960
1373, 0, 1201, 1672, 1660, 145, 78.88%, 0, 10, 4, 157.76, 216233, 960
1378, 0, 1201, 1672, 1660, 145, 78.88%, 0, 10, 4, 157.04, 217019, 960
1383, 0, 1201, 1672, 1660, 145, 78.88%, 0, 10, 4, 157.60, 217811, 960
1388, 0, 1201, 1674, 1662, 145, 78.88%, 0, 10, 4, 157.42, 218602, 960
1393, 0, 1201, 1674, 1662, 145, 78.88%, 0, 10, 4, 157.72, 219394, 960
1398, 0, 1201, 1674, 1662, 145, 78.88%, 0, 10, 4, 156.73, 220210, 960
1404, 0, 1201, 1676, 1664, 145, 78.88%, 0, 10, 4, 157.15, 221004, 960
1409, 0, 1201, 1676, 1664, 145, 78.88%, 0, 10, 4, 157.66, 221793, 960
1414, 0, 1201, 1676, 1664, 145, 78.88%, 0, 10, 4, 157.55, 222585, 960
1419, 0, 1201, 1677, 1665, 145, 78.88%, 0, 10, 4, 157.43, 223375, 960
1424, 0, 1201, 1679, 1667, 145, 78.88%, 0, 10, 4, 157.71, 224166, 960
1429, 0, 1201, 1682, 1670, 145, 78.88%, 0, 10, 4, 158.77, 224994, 960
1434, 0, 1201, 1682, 1670, 145, 78.88%, 0, 10, 4, 157.99, 225819, 960
1439, 0, 1201, 1683, 1671, 145, 78.88%, 0, 10, 4, 155.54, 226603, 960
1445, 0, 1201, 1683, 1671, 145, 78.88%, 0, 11, 4, 6.46, 227300, 960
1450, 0, 1201, 1685, 1673, 145, 78.88%, 0, 11, 4, 156.08, 228088, 960
1455, 0, 1201, 1686, 1674, 145, 78.88%, 0, 11, 4, 153.42, 228854, 960
1460, 0, 1201, 1686, 1674, 145, 78.88%, 0, 11, 4, 155.09, 229640, 960
1465, 0, 1201, 1686, 1674, 145, 78.88%, 0, 11, 4, 156.40, 230426, 960
1470, 0, 1201, 1687, 1675, 145, 78.88%, 0, 11, 4, 157.91, 231219, 960
1475, 0, 1201, 1687, 1675, 145, 78.88%, 0, 11, 4, 158.40, 232044, 960
1480, 0, 1201, 1688, 1676, 145, 78.88%, 0, 11, 4, 158.18, 232867, 960
1485, 0, 1201, 1689, 1677, 145, 78.88%, 0, 11, 4, 158.58, 233660, 960
1490, 0, 1201, 1690, 1678, 145, 78.88%, 0, 11, 4, 155.75, 234447, 960
1495, 0, 1201, 1690, 1678, 145, 78.88%, 0, 11, 4, 158.05, 235272, 960
1500, 0, 1201, 1690, 1678, 145, 78.88%, 0, 11, 4, 158.17, 236064, 960
1506, 0, 1201, 1701, 1689, 145, 78.88%, 0, 11, 4, 150.69, 236846, 960
1511, 0, 1201, 1724, 1712, 145, 78.88%, 0, 11, 4, 136.78, 237542, 960
1516, 0, 1201, 1735, 1723, 145, 78.88%, 0, 11, 4, 134.87, 238217, 960
1521, 0, 1201, 1743, 1731, 145, 78.88%, 0, 11, 4, 133.53, 238883, 960
1526, 0, 1201, 1751, 1739, 145, 78.88%, 0, 11, 4, 134.16, 239581, 960
1531, 0, 1201, 1755, 1743, 145, 79.62%, 0, 11, 4, 132.57, 240245, 969
1536, 0, 1201, 1757, 1745, 145, 79.79%, 0, 11, 4, 131.65, 240907, 971
1541, 0, 1201, 1760, 1748, 145, 79.79%, 0, 11, 4, 148.12, 241660, 971
1546, 0, 51, 1761, 1748, 144, 79.79%, 0, 11, 4, 158.51, 242462, 971
1552, 0, 689, 1761, 1747, 144, 79.79%, 0, 11, 4, 149.99, 243224, 971
1557, 0, 689, 1762, 1748, 144, 79.79%, 0, 11, 4, 161.75, 244040, 971
1562, 0, 506, 1763, 1748, 143, 79.79%, 0, 11, 4, 156.62, 244847, 971
1567, 0, 506, 1764, 1749, 143, 79.79%, 0, 11, 4, 153.51, 245616, 971
1572, 0, 506, 1769, 1754, 143, 79.95%, 0, 11, 4, 167.50, 246498, 973
1577, 0, 446, 1772, 1756, 139, 79.95%, 0, 11, 4, 148.85, 247254, 973
1582, 0, 446, 1774, 1758, 139, 79.95%, 0, 11, 4, 159.71, 248067, 973
1587, 0, 1657, 1775, 1757, 137, 79.95%, 0, 11, 4, 150.56, 248824, 973
1592, 0, 1657, 1775, 1757, 137, 79.95%, 0, 11, 4, 145.05, 249540, 973
1597, 0, 1657, 1776, 1758, 137, 79.95%, 0, 11, 5, 151.87, 250342, 973
1602, 0, 1657, 1780, 1762, 137, 79.95%, 0, 11, 5, 162.70, 251172, 973
1607, 0, 1657, 1786, 1768, 137, 79.95%, 0, 11, 5, 153.99, 251982, 973
1613, 0, 1657, 1799, 1781, 137, 79.95%, 0, 11, 5, 125.30, 252586, 973
1618, 0, 1657, 1808, 1790, 137, 79.95%, 0, 11, 5, 119.51, 253183, 973
1623, 0, 1657, 1808, 1790, 137, 79.95%, 0, 11, 5, 118.85, 253795, 973
1628, 0, 1657, 1811, 1793, 137, 79.95%, 0, 11, 5, 116.73, 254382, 973
1633, 0, 1657, 1812, 1794, 137, 79.95%, 0, 11, 5, 119.20, 254987, 973
1638, 0, 1657, 1814, 1796, 137, 79.95%, 0, 11, 5, 118.74, 255585, 973
1643, 0, 1657, 1816, 1798, 137, 79.95%, 0, 11, 5, 116.85, 256185, 973
1648, 0, 1814, 1816, 1797, 137, 79.95%, 0, 11, 5, 124.26, 256871, 973
1653, 0, 1814, 1816, 1797, 137, 79.95%, 0, 11, 5, 109.09, 257409, 973
1659, 0, 1814, 1816, 1797, 137, 79.95%, 0, 11, 5, 105.81, 257947, 973
1664, 0, 1814, 1816, 1797, 137, 79.95%, 0, 11, 5, 110.34, 258503, 973
1669, 0, 1814, 1819, 1800, 137, 79.95%, 0, 11, 6, 117.64, 259102, 973
1674, 0, 1814, 1820, 1801, 137, 79.95%, 0, 11, 6, 120.27, 259711, 973
1679, 0, 1814, 1824, 1805, 137, 79.95%, 0, 11, 6, 120.09, 260319, 973
1684, 0, 1814, 1827, 1808, 137, 79.95%, 0, 11, 6, 119.80, 260922, 973
1689, 0, 1814, 1827, 1808, 137, 79.95%, 0, 11, 6, 120.56, 261532, 973
1694, 0, 1814, 1831, 1812, 137, 79.95%, 0, 11, 6, 120.88, 262146, 973
1699, 0, 1814, 1832, 1813, 137, 79.95%, 0, 11, 6, 119.39, 262745, 973
1704, 0, 1814, 1833, 1814, 137, 79.95%, 0, 11, 6, 120.70, 263362, 973
1709, 0, 1814, 1834, 1815, 137, 79.95%, 0, 11, 6, 120.14, 263969, 973
1714, 0, 1814, 1834, 1815, 137, 79.95%, 0, 11, 6, 120.84, 264583, 973
1719, 0, 1814, 1835, 1816, 137, 79.95%, 0, 11, 6, 120.44, 265190, 973
1724, 0, 1814, 1835, 1816, 137, 79.95%, 0, 11, 6, 120.19, 265792, 973
1729, 0, 1814, 1836, 1817, 137, 79.95%, 0, 11, 6, 119.89, 266417, 973
1734, 0, 1814, 1836, 1817, 137, 79.95%, 0, 11, 6, 119.89, 267021, 973
1739, 0, 1814, 1836, 1817, 137, 79.95%, 0, 11, 6, 118.60, 267629, 973
1744, 0, 1814, 1836, 1817, 137, 79.95%, 0, 11, 6, 119.03, 268225, 973
1750, 0, 1814, 1837, 1818, 137, 79.95%, 0, 11, 6, 116.58, 268818, 973
1755, 0, 1814, 1837, 1818, 137, 79.95%, 0, 11, 6, 117.79, 269432, 973
1760, 0, 1814, 1837, 1818, 137, 79.95%, 0, 11, 6, 117.57, 270044, 973
1765, 0, 1814, 1839, 1820, 137, 79.95%, 0, 11, 6, 118.93, 270648, 973
1770, 0, 1814, 1839, 1820, 137, 79.95%, 0, 11, 6, 119.08, 271244, 973
1775, 0, 1814, 1839, 1820, 137, 79.95%, 0, 11, 6, 120.02, 271852, 973
1780, 0, 1814, 1839, 1820, 137, 79.95%, 0, 11, 6, 118.95, 272450, 973
1785, 0, 1814, 1839, 1820, 137, 79.95%, 0, 11, 6, 118.55, 273056, 973
1790, 0, 1814, 1839, 1820, 137, 79.95%, 0, 11, 6, 118.14, 273644, 973
1795, 0, 1814, 1840, 1821, 137, 79.95%, 0, 11, 6, 118.78, 274257, 973
1800, 0, 1814, 1841, 1822, 137, 79.95%, 0, 11, 6, 120.24, 274866, 973
1806, 0, 1814, 1842, 1823, 137, 79.95%, 0, 11, 6, 119.37, 275483, 973
1811, 0, 1814, 1842, 1823, 137, 79.95%, 0, 11, 6, 118.62, 276099, 973
1816, 0, 1814, 1843, 1824, 137, 79.95%, 0, 11, 6, 119.16, 276716, 973
1821, 0, 1814, 1843, 1824, 137, 79.95%, 0, 11, 6, 118.29, 277324, 973
1826, 0, 1814, 1845, 1826, 137, 79.95%, 0, 11, 6, 119.31, 277926, 973
1831, 0, 1814, 1845, 1826, 137, 79.95%, 0, 11, 6, 118.71, 278538, 973
1836, 0, 1814, 1845, 1826, 137, 79.95%, 0, 11, 6, 119.80, 279142, 973
1841, 0, 1814, 1845, 1826, 137, 79.95%, 0, 11, 6, 119.82, 279744, 973
1847, 0, 1814, 1845, 1826, 137, 79.95%, 0, 11, 6, 120.51, 280370, 973
1852, 0, 1814, 1845, 1826, 137, 79.95%, 0, 11, 6, 118.50, 280974, 973
1857, 0, 1814, 1846, 1827, 137, 79.95%, 0, 11, 6, 114.67, 281560, 973
1862, 0, 1814, 1846, 1827, 137, 79.95%, 0, 11, 6, 109.19, 282074, 973
1867, 0, 1814, 1846, 1827, 137, 79.95%, 0, 11, 6, 116.41, 282682, 973
1872, 0, 1814, 1846, 1827, 137, 79.95%, 0, 11, 6, 125.83, 283316, 973
1877, 0, 1814, 1852, 1833, 137, 79.95%, 0, 11, 6, 121.75, 283956, 973
1883, 0, 1814, 1852, 1833, 137, 79.95%, 0, 11, 6, 119.81, 284570, 973
1888, 0, 1814, 1852, 1833, 137, 79.95%, 0, 11, 6, 118.78, 285176, 973
1893, 0, 1814, 1853, 1834, 137, 79.95%, 0, 11, 6, 118.97, 285785, 973
1898, 0, 1814, 1853, 1834, 137, 79.95%, 0, 11, 6, 119.10, 286393, 973
1903, 0, 1814, 1856, 1837, 137, 79.95%, 0, 11, 6, 154.90, 287209, 973
1908, 0, 1814, 1865, 1846, 137, 79.95%, 0, 11, 6, 127.19, 287839, 973
1913, 0, 1814, 1867, 1848, 137, 79.95%, 0, 11, 6, 119.96, 288427, 973
1918, 0, 1814, 1868, 1849, 137, 79.95%, 0, 11, 6, 115.33, 289021, 973
1924, 0, 1814, 1868, 1849, 137, 79.95%, 0, 11, 6, 116.56, 289627, 973
1929, 0, 1814, 1869, 1850, 137, 79.95%, 0, 11, 6, 117.36, 290226, 973
1934, 0, 1814, 1869, 1850, 137, 79.95%, 0, 11, 6, 122.04, 290866, 973
1939, 0, 1632, 1871, 1851, 134, 80.03%, 0, 11, 6, 150.91, 291660, 974
1944, 0, 1632, 1873, 1853, 134, 80.03%, 0, 11, 6, 167.81, 292556, 974
1949, 0, 1632, 1875, 1855, 134, 80.03%, 0, 11, 6, 166.29, 293401, 974
1954, 0, 1632, 1876, 1856, 134, 80.03%, 0, 11, 6, 168.06, 294254, 974
1960, 0, 1632, 1879, 1859, 134, 80.03%, 0, 11, 6, 171.59, 295142, 974
1965, 0, 1632, 1879, 1859, 134, 80.03%, 0, 11, 6, 172.79, 296042, 974
1970, 0, 1632, 1879, 1859, 134, 80.03%, 0, 11, 6, 172.02, 296933, 974
1975, 0, 1632, 1880, 1860, 134, 80.03%, 0, 11, 6, 170.31, 297822, 974
1980, 0, 1632, 1881, 1861, 134, 80.03%, 0, 11, 6, 171.72, 298681, 974
1985, 0, 1632, 1883, 1863, 134, 80.03%, 0, 11, 6, 171.98, 299544, 974
1990, 0, 1632, 1883, 1863, 134, 80.03%, 0, 11, 6, 173.14, 300444, 974
1996, 0, 1632, 1884, 1864, 134, 80.03%, 0, 11, 6, 172.98, 301342, 974
2001, 0, 1632, 1885, 1865, 134, 80.03%, 0, 11, 6, 170.78, 302198, 974
2006, 0, 1632, 1885, 1865, 134, 80.03%, 0, 11, 6, 171.53, 303086, 974
2011, 0, 1632, 1885, 1865, 134, 80.03%, 0, 11, 6, 172.41, 303986, 974
2016, 0, 1632, 1886, 1866, 134, 80.03%, 0, 11, 6, 173.15, 304881, 974
2021, 0, 1632, 1887, 1867, 134, 80.03%, 0, 11, 6, 172.10, 305743, 974
2026, 0, 1632, 1887, 1867, 134, 80.03%, 0, 11, 6, 172.93, 306643, 974
2031, 0, 1632, 1889, 1869, 134, 80.03%, 0, 11, 6, 172.98, 307515, 974
2037, 0, 1632, 1889, 1869, 134, 80.03%, 0, 11, 6, 172.82, 308412, 974
2042, 0, 1632, 1889, 1869, 134, 80.03%, 0, 11, 6, 172.31, 309276, 974
2047, 0, 1632, 1889, 1869, 134, 80.03%, 0, 11, 6, 169.38, 310155, 974
2052, 0, 1632, 1890, 1870, 134, 80.03%, 0, 11, 6, 169.06, 311035, 974
2057, 0, 1632, 1890, 1870, 134, 80.03%, 0, 11, 6, 171.05, 311893, 974
2062, 0, 1632, 1891, 1871, 134, 80.03%, 0, 11, 6, 170.81, 312749, 974
2067, 0, 1632, 1891, 1871, 134, 80.03%, 0, 11, 6, 156.42, 313400, 974
2072, 0, 1632, 1891, 1871, 134, 80.03%, 0, 11, 6, 165.12, 314246, 974
2077, 0, 1632, 1891, 1871, 134, 80.03%, 0, 11, 6, 169.92, 315101, 974
2082, 0, 1632, 1891, 1871, 134, 80.03%, 0, 11, 6, 168.72, 315947, 974
2087, 0, 1632, 1891, 1871, 134, 80.03%, 0, 11, 6, 169.75, 316805, 974
2092, 0, 1632, 1891, 1871, 134, 80.03%, 0, 11, 6, 168.92, 317654, 974
2097, 0, 1632, 1891, 1871, 134, 80.03%, 0, 11, 6, 157.50, 318428, 974
2103, 0, 1632, 1892, 1872, 134, 80.03%, 0, 11, 6, 164.96, 319309, 974
2108, 0, 1632, 1892, 1872, 134, 80.03%, 0, 11, 6, 167.78, 320142, 974
2113, 0, 1632, 1892, 1872, 134, 80.03%, 0, 11, 6, 170.75, 321036, 974
2118, 0, 1632, 1892, 1872, 134, 80.03%, 0, 11, 6, 167.92, 321882, 974
2123, 0, 1632, 1892, 1872, 134, 80.03%, 0, 11, 6, 168.74, 322731, 974
2128, 0, 1632, 1892, 1872, 134, 80.03%, 0, 11, 6, 169.33, 323583, 974
2133, 0, 1632, 1896, 1876, 134, 80.03%, 0, 11, 6, 163.21, 324421, 974
2138, 0, 1632, 1903, 1883, 134, 80.03%, 0, 11, 6, 127.48, 325020, 974
2143, 0, 1632, 1905, 1885, 134, 80.03%, 0, 11, 6, 120.25, 325612, 974
2148, 0, 1632, 1907, 1887, 134, 80.03%, 0, 11, 6, 117.67, 326222, 974
2153, 0, 1632, 1909, 1889, 134, 80.03%, 0, 11, 6, 119.44, 326824, 974
2158, 0, 1632, 1910, 1890, 134, 80.03%, 0, 11, 6, 119.91, 327435, 974
2163, 0, 1632, 1912, 1892, 134, 80.03%, 0, 11, 6, 118.92, 328032, 974
2169, 0, 1632, 1914, 1894, 134, 80.03%, 0, 11, 6, 118.38, 328636, 974
2174, 0, 232, 1919, 1898, 132, 80.03%, 0, 11, 6, 148.61, 329433, 974
2179, 0, 1877, 1920, 1898, 131, 80.03%, 0, 11, 6, 158.30, 330266, 974
2184, 0, 1877, 1922, 1900, 131, 80.03%, 0, 11, 6, 158.34, 331068, 974
2189, 0, 1877, 1927, 1905, 131, 80.03%, 0, 11, 6, 139.64, 331743, 974
2194, 0, 1877, 1928, 1906, 131, 80.03%, 0, 11, 6, 136.13, 332446, 974
2199, 0, 1877, 1928, 1906, 131, 80.03%, 0, 11, 6, 134.92, 333144, 974
2204, 0, 1877, 1928, 1906, 131, 80.03%, 0, 11, 6, 134.51, 333838, 974
2210, 0, 1877, 1928, 1906, 131, 80.03%, 0, 11, 6, 134.45, 334534, 974
2215, 0, 1877, 1929, 1907, 131, 80.03%, 0, 11, 6, 136.15, 335233, 974
2220, 0, 317, 1931, 1908, 130, 80.03%, 0, 11, 6, 125.16, 335871, 974
2225, 0, 317, 1934, 1911, 130, 80.03%, 0, 11, 6, 110.10, 336412, 974
2230, 0, 950, 1934, 1910, 129, 80.03%, 0, 11, 6, 108.69, 336934, 974
2235, 0, 950, 1934, 1910, 129, 80.03%, 0, 11, 6, 111.28, 337516, 974
2240, 0, 950, 1934, 1910, 129, 80.03%, 0, 11, 6, 117.37, 338102, 974
2245, 0, 950, 1935, 1911, 129, 80.03%, 0, 11, 6, 131.83, 338792, 974
2250, 0, 1478, 1937, 1912, 128, 80.03%, 0, 11, 6, 154.64, 339609, 974
2255, 0, 1478, 1940, 1915, 128, 80.03%, 0, 11, 6, 167.17, 340470, 974
2260, 0, 1478, 1941, 1916, 128, 80.03%, 0, 11, 6, 165.71, 341302, 974
2265, 0, 1478, 1944, 1919, 128, 80.03%, 0, 11, 6, 169.81, 342166, 974
2271, 0, 1478, 1947, 1922, 128, 80.12%, 0, 11, 6, 169.96, 343015, 975
2276, 0, 1478, 1948, 1923, 128, 80.12%, 0, 11, 6, 169.07, 343865, 975
2281, 0, 1478, 1949, 1924, 128, 80.12%, 0, 11, 6, 169.65, 344721, 975
2286, 0, 1478, 1953, 1928, 128, 80.12%, 0, 11, 6, 168.34, 345574, 975
2291, 0, 1478, 1956, 1931, 128, 80.12%, 0, 11, 6, 171.73, 346438, 975
2296, 0, 1478, 1957, 1932, 128, 80.12%, 0, 11, 6, 173.87, 347339, 975
2301, 0, 1478, 1957, 1932, 128, 80.12%, 0, 11, 6, 172.91, 348203, 975
2306, 0, 1478, 1958, 1933, 128, 80.12%, 0, 11, 6, 170.35, 349044, 975
2311, 0, 1478, 1960, 1935, 128, 80.12%, 0, 11, 6, 170.41, 349892, 975
2316, 0, 1478, 1963, 1938, 128, 80.12%, 0, 11, 6, 170.98, 350753, 975
2321, 0, 1478, 1964, 1939, 128, 80.12%, 0, 11, 6, 170.71, 351609, 975
2326, 0, 1478, 1966, 1941, 128, 80.12%, 0, 11, 6, 172.19, 352502, 975
2331, 0, 1478, 1968, 1943, 128, 80.12%, 0, 11, 6, 172.75, 353398, 975
2337, 0, 1478, 1969, 1944, 128, 80.12%, 0, 11, 6, 173.41, 354299, 975
2342, 0, 1478, 1970, 1945, 128, 80.12%, 0, 11, 6, 172.71, 355161, 975
2347, 0, 1478, 1970, 1945, 128, 80.12%, 0, 11, 6, 170.38, 356010, 975
2352, 0, 1478, 1973, 1948, 128, 80.12%, 0, 11, 6, 171.24, 356871, 975
2357, 0, 1478, 1974, 1949, 128, 80.12%, 0, 11, 6, 171.04, 357727, 975
2362, 0, 1478, 1975, 1950, 128, 80.12%, 0, 11, 6, 173.29, 358625, 975
2367, 0, 1478, 1976, 1951, 128, 80.12%, 0, 11, 6, 173.31, 359523, 975
2372, 0, 1478, 1977, 1952, 128, 80.12%, 0, 11, 6, 173.20, 360388, 975
2377, 0, 1478, 1978, 1953, 128, 80.12%, 0, 11, 6, 171.31, 361247, 975
2382, 0, 1478, 1980, 1955, 128, 80.12%, 0, 11, 6, 169.06, 362101, 975
2387, 0, 1478, 1980, 1955, 128, 80.12%, 0, 11, 6, 170.54, 362959, 975
2392, 0, 1478, 1980, 1955, 128, 80.12%, 0, 11, 6, 168.50, 363808, 975
2397, 0, 1478, 1980, 1955, 128, 80.12%, 0, 11, 6, 169.06, 364660, 975
2402, 0, 1478, 1984, 1959, 128, 80.12%, 0, 11, 6, 170.60, 365546, 975
2407, 0, 1478, 1986, 1961, 128, 80.12%, 0, 11, 6, 171.32, 366403, 975
2412, 0, 1478, 1988, 1963, 128, 80.12%, 0, 11, 6, 171.00, 367260, 975
2418, 0, 1478, 1989, 1964, 128, 80.12%, 0, 11, 6, 169.40, 368113, 975
2423, 0, 1478, 1989, 1964, 128, 80.12%, 0, 11, 6, 170.22, 368968, 975
2428, 0, 1478, 1989, 1964, 128, 80.12%, 0, 11, 6, 170.45, 369862, 975
2433, 0, 1478, 1991, 1966, 128, 80.12%, 0, 11, 6, 170.87, 370722, 975
2438, 0, 1478, 1993, 1968, 128, 80.12%, 0, 11, 6, 172.69, 371618, 975
2443, 0, 1478, 1993, 1968, 128, 80.12%, 0, 11, 6, 172.43, 372509, 975
2448, 0, 1955, 1994, 1968, 128, 80.12%, 0, 11, 6, 160.65, 373298, 975
2453, 0, 1702, 1995, 1968, 127, 80.12%, 0, 11, 6, 147.35, 374088, 975
2458, 0, 1702, 1995, 1968, 127, 80.12%, 0, 11, 6, 121.41, 374668, 975
2463, 0, 1702, 1995, 1968, 127, 80.12%, 0, 11, 6, 115.67, 375248, 975
2469, 0, 1702, 1995, 1968, 127, 80.12%, 0, 11, 6, 124.76, 375896, 975
2474, 0, 1702, 1995, 1968, 127, 80.12%, 0, 11, 6, 145.35, 376642, 975
2479, 0, 1702, 1998, 1971, 127, 80.12%, 0, 11, 6, 134.57, 377319, 975
2484, 0, 1753, 1998, 1970, 126, 80.12%, 0, 11, 6, 128.85, 378015, 975
2489, 0, 1753, 1998, 1970, 126, 80.12%, 0, 11, 6, 119.61, 378625, 975
2495, 0, 1753, 1998, 1970, 126, 80.12%, 0, 11, 6, 118.52, 379233, 975
2500, 0, 1753, 1999, 1971, 126, 80.12%, 0, 11, 6, 129.98, 379919, 975
2505, 0, 1753, 1999, 1971, 126, 80.12%, 0, 11, 6, 140.26, 380645, 975
2510, 0, 1753, 2006, 1978, 126, 80.12%, 0, 11, 6, 136.38, 381342, 975
2515, 0, 1753, 2008, 1980, 126, 80.12%, 0, 11, 6, 134.63, 382038, 975
2520, 0, 1753, 2010, 1982, 126, 80.12%, 0, 11, 6, 134.33, 382724, 975
2526, 0, 1753, 2011, 1983, 126, 80.12%, 0, 11, 6, 135.93, 383425, 975
2531, 0, 1753, 2012, 1984, 126, 80.12%, 0, 11, 6, 136.15, 384122, 975
2536, 0, 1753, 2014, 1986, 126, 80.12%, 0, 11, 6, 134.81, 384815, 975
2541, 0, 1932, 2014, 1985, 117, 80.12%, 0, 11, 6, 148.74, 385612, 975
2546, 0, 1932, 2018, 1989, 117, 80.12%, 0, 11, 6, 160.43, 386457, 975
2551, 0, 1791, 2018, 1988, 117, 80.12%, 0, 11, 6, 121.46, 387034, 975
2556, 0, 1791, 2018, 1988, 117, 80.12%, 0, 11, 6, 108.76, 387570, 975
2561, 0, 1791, 2018, 1988, 117, 80.12%, 0, 11, 6, 105.06, 388090, 975
2567, 0, 1791, 2018, 1988, 117, 80.12%, 0, 11, 6, 115.04, 388691, 975
2572, 0, 1791, 2019, 1989, 117, 80.12%, 0, 11, 6, 128.76, 389342, 975
2577, 0, 1791, 2023, 1993, 117, 80.12%, 0, 11, 6, 136.66, 390102, 975
2582, 0, 1791, 2024, 1994, 117, 80.12%, 0, 11, 6, 121.49, 390705, 975
2587, 0, 1791, 2024, 1994, 117, 80.12%, 0, 11, 6, 119.60, 391313, 975
2592, 0, 1791, 2025, 1995, 117, 80.12%, 0, 11, 6, 127.97, 392002, 975
2597, 0, 192, 2026, 1995, 117, 80.12%, 0, 11, 6, 157.44, 392841, 975
2602, 0, 1871, 2028, 1996, 116, 80.12%, 0, 11, 6, 157.79, 393626, 975
2608, 0, 1871, 2029, 1997, 116, 80.12%, 0, 11, 6, 167.56, 394482, 975
2613, 0, 1871, 2034, 2002, 116, 80.12%, 0, 11, 6, 158.60, 395284, 975
2618, 0, 1871, 2037, 2005, 116, 80.12%, 0, 11, 6, 155.49, 396073, 975
2623, 0, 1871, 2038, 2006, 116, 80.12%, 0, 11, 6, 156.31, 396866, 975
2628, 0, 1871, 2038, 2006, 116, 80.12%, 0, 11, 6, 155.15, 397646, 975
2633, 0, 1871, 2038, 2006, 116, 80.12%, 0, 11, 6, 155.47, 398429, 975
2638, 0, 1871, 2039, 2007, 116, 80.20%, 0, 11, 6, 156.26, 399215, 976
2643, 0, 1835, 2039, 2006, 116, 80.20%, 0, 11, 6, 115.68, 399766, 976
2648, 0, 1835, 2039, 2006, 116, 80.20%, 0, 11, 6, 106.80, 400300, 976
2653, 0, 1835, 2039, 2006, 116, 80.20%, 0, 11, 6, 108.02, 400840, 976
2658, 0, 1835, 2039, 2006, 116, 80.20%, 0, 11, 6, 114.32, 401438, 976
2663, 0, 1835, 2041, 2008, 116, 80.20%, 0, 11, 7, 118.37, 402050, 976
2669, 0, 1835, 2041, 2008, 116, 80.20%, 0, 11, 7, 116.97, 402658, 976
2674, 0, 1835, 2041, 2008, 116, 80.20%, 0, 11, 7, 117.38, 403264, 976
2679, 0, 1835, 2041, 2008, 116, 80.20%, 0, 11, 7, 118.91, 403862, 976
2684, 0, 1835, 2043, 2010, 116, 80.20%, 0, 11, 7, 143.62, 404606, 976
2689, 0, 1835, 2044, 2011, 116, 80.20%, 0, 11, 7, 139.56, 405321, 976
2694, 0, 1527, 2045, 2011, 115, 80.20%, 0, 11, 7, 142.02, 406028, 976
2699, 0, 1527, 2047, 2013, 115, 80.20%, 0, 11, 7, 165.13, 406916, 976
2705, 0, 717, 2047, 2012, 115, 80.20%, 0, 11, 7, 158.46, 407731, 976
2710, 0, 2003, 2047, 2011, 114, 80.20%, 0, 11, 7, 132.41, 408382, 976
2715, 0, 2003, 2047, 2011, 114, 80.20%, 0, 11, 7, 120.33, 408992, 976
2720, 0, 2003, 2047, 2011, 114, 80.20%, 0, 11, 7, 121.11, 409602, 976
2725, 0, 2003, 2047, 2011, 114, 80.20%, 0, 11, 7, 130.57, 410263, 976
2730, 0, 2003, 2048, 2012, 114, 80.20%, 0, 11, 7, 147.44, 411034, 976
2735, 0, 2003, 2049, 2013, 114, 80.20%, 0, 11, 7, 149.81, 411820, 976
2740, 0, 1647, 2049, 2012, 113, 80.20%, 0, 11, 7, 145.69, 412541, 976
2746, 0, 1647, 2049, 2012, 113, 80.20%, 0, 11, 7, 156.00, 413375, 976
2751, 0, 1647, 2050, 2013, 113, 80.20%, 0, 11, 7, 150.04, 414123, 976
2756, 0, 652, 2050, 2012, 112, 80.20%, 0, 11, 7, 148.69, 414899, 976
2761, 0, 247, 2050, 2011, 111, 80.20%, 0, 11, 7, 152.97, 415711, 976
2766, 0, 247, 2052, 2013, 111, 80.20%, 0, 11, 7, 163.01, 416541, 976
2771, 0, 1682, 2052, 2012, 110, 80.20%, 0, 11, 7, 156.00, 417311, 976
2776, 0, 1682, 2052, 2012, 110, 80.20%, 0, 11, 7, 150.68, 418091, 976
2781, 0, 718, 2052, 2011, 109, 80.20%, 0, 11, 7, 155.44, 418882, 976
2787, 0, 2010, 2053, 2011, 108, 80.20%, 0, 11, 7, 130.71, 419544, 976
2792, 0, 2010, 2053, 2011, 108, 80.20%, 0, 11, 7, 121.76, 420154, 976
2797, 0, 2010, 2053, 2011, 108, 80.20%, 0, 11, 7, 122.90, 420774, 976
2802, 0, 2010, 2055, 2013, 108, 80.20%, 0, 11, 7, 132.49, 421459, 976
2807, 0, 2010, 2057, 2015, 108, 80.20%, 0, 11, 7, 135.83, 422163, 976
2812, 0, 2010, 2058, 2016, 108, 80.20%, 0, 11, 7, 136.15, 422858, 976
2817, 0, 2010, 2059, 2017, 108, 80.20%, 0, 11, 7, 138.33, 423571, 976
2822, 0, 2010, 2061, 2019, 108, 80.20%, 0, 11, 7, 139.38, 424273, 976
2828, 0, 2010, 2063, 2021, 108, 80.20%, 0, 11, 7, 138.10, 424977, 976
2833, 0, 2010, 2063, 2021, 108, 80.20%, 0, 11, 7, 137.74, 425695, 976
2838, 0, 2010, 2064, 2022, 108, 80.20%, 0, 11, 7, 136.45, 426392, 976
2843, 0, 2010, 2065, 2023, 108, 80.20%, 0, 11, 7, 138.97, 427111, 976
2848, 0, 2010, 2067, 2025, 108, 80.20%, 0, 11, 7, 138.69, 427837, 976
2853, 0, 2010, 2067, 2025, 108, 80.20%, 0, 11, 7, 137.46, 428541, 976
2858, 0, 2010, 2067, 2025, 108, 80.20%, 0, 12, 7, 134.10, 429089, 976
2864, 0, 2010, 2067, 2025, 108, 80.20%, 0, 12, 7, 134.17, 429781, 976
2869, 0, 2010, 2068, 2026, 108, 80.20%, 0, 12, 7, 135.21, 430478, 976
2874, 0, 2010, 2068, 2026, 108, 80.20%, 0, 12, 7, 136.43, 431186, 976
2879, 0, 2010, 2069, 2027, 108, 80.20%, 0, 12, 7, 135.72, 431883, 976
2884, 0, 2010, 2069, 2027, 108, 80.20%, 0, 12, 7, 136.15, 432585, 976
2889, 0, 2010, 2070, 2028, 108, 80.20%, 0, 12, 7, 137.73, 433298, 976
2894, 0, 2010, 2073, 2031, 108, 80.20%, 0, 12, 7, 135.24, 433989, 976
2900, 0, 2010, 2073, 2031, 108, 80.20%, 0, 12, 7, 135.20, 434687, 976
2905, 0, 2010, 2075, 2033, 108, 80.20%, 0, 12, 7, 136.04, 435391, 976
2910, 0, 2010, 2075, 2033, 108, 80.20%, 0, 12, 7, 135.93, 436083, 976
2915, 0, 2010, 2075, 2033, 108, 80.20%, 0, 12, 7, 136.09, 436785, 976
2920, 0, 2010, 2075, 2033, 108, 80.20%, 0, 12, 7, 136.58, 437483, 976
2925, 0, 2010, 2075, 2033, 108, 80.20%, 0, 12, 7, 137.00, 438191, 976
2930, 0, 2010, 2075, 2033, 108, 80.20%, 0, 12, 7, 136.55, 438895, 976
2936, 0, 2010, 2075, 2033, 108, 80.20%, 0, 12, 7, 137.41, 439601, 976
2941, 0, 2010, 2075, 2033, 108, 80.20%, 0, 12, 7, 138.29, 440307, 976
2946, 0, 2010, 2075, 2033, 108, 80.20%, 0, 12, 7, 139.92, 441035, 976
2951, 0, 2010, 2075, 2033, 108, 80.20%, 0, 12, 7, 139.02, 441747, 976
2956, 0, 2010, 2075, 2033, 108, 80.20%, 0, 12, 7, 140.11, 442475, 976
2961, 0, 2010, 2076, 2034, 108, 80.20%, 0, 12, 7, 139.17, 443166, 976
2966, 0, 2010, 2076, 2034, 108, 80.20%, 0, 12, 7, 139.44, 443886, 976
2972, 0, 2010, 2076, 2034, 108, 80.20%, 0, 12, 7, 139.63, 444606, 976
2977, 0, 2010, 2076, 2034, 108, 80.20%, 0, 12, 7, 139.42, 445320, 976
2982, 0, 2010, 2076, 2034, 108, 80.20%, 0, 12, 7, 141.25, 446054, 976
2987, 0, 2010, 2077, 2035, 108, 80.20%, 0, 12, 7, 155.91, 446889, 976
2992, 0, 1591, 2077, 2034, 107, 80.20%, 0, 12, 7, 159.29, 447671, 976
2997, 0, 322, 2077, 2033, 106, 80.20%, 0, 12, 7, 158.92, 448454, 976
3002, 0, 2058, 2078, 2033, 105, 80.20%, 0, 12, 7, 146.12, 449204, 976
3007, 0, 2058, 2078, 2033, 105, 80.20%, 0, 12, 7, 114.06, 449752, 976
3012, 0, 2058, 2078, 2033, 105, 80.20%, 0, 12, 7, 108.53, 450288, 976
3017, 0, 2058, 2080, 2035, 105, 80.20%, 0, 12, 7, 112.15, 450849, 976
3022, 0, 2058, 2096, 2051, 105, 80.20%, 0, 12, 7, 118.77, 451458, 976
3027, 0, 2058, 2107, 2062, 105, 80.20%, 0, 12, 7, 121.08, 452074, 976
3033, 0, 2058, 2110, 2065, 105, 80.20%, 0, 12, 7, 120.09, 452701, 976
3038, 0, 2058, 2115, 2070, 105, 80.20%, 0, 12, 7, 121.61, 453332, 976
3043, 0, 2058, 2117, 2072, 105, 80.20%, 0, 12, 7, 121.27, 453962, 976
3048, 0, 2058, 2119, 2074, 105, 80.20%, 0, 12, 7, 121.88, 454586, 976
3053, 0, 2058, 2122, 2077, 105, 80.20%, 0, 12, 7, 120.96, 455191, 976
3058, 0, 2058, 2125, 2080, 105, 80.20%, 0, 12, 7, 121.37, 455802, 976
3063, 0, 2058, 2129, 2084, 105, 80.20%, 0, 12, 7, 121.48, 456414, 976
3068, 0, 2058, 2134, 2089, 105, 80.20%, 0, 12, 7, 122.32, 457031, 976
3073, 0, 2058, 2136, 2091, 105, 80.20%, 0, 12, 7, 121.69, 457651, 976
3078, 0, 2058, 2138, 2093, 105, 80.20%, 0, 12, 7, 119.66, 458249, 976
3083, 0, 2058, 2139, 2094, 105, 80.20%, 0, 12, 7, 121.90, 458868, 976
3088, 0, 2058, 2141, 2096, 105, 80.20%, 0, 12, 7, 122.71, 459492, 976
3093, 0, 2058, 2142, 2097, 105, 80.20%, 0, 12, 7, 121.47, 460101, 976
3098, 0, 2058, 2142, 2097, 105, 80.20%, 0, 12, 7, 119.50, 460697, 976
3104, 0, 2058, 2144, 2099, 105, 80.20%, 0, 12, 7, 119.87, 461300, 976
3109, 0, 2058, 2145, 2100, 105, 80.20%, 0, 12, 7, 120.78, 461912, 976
3114, 0, 2058, 2145, 2100, 105, 80.20%, 0, 12, 7, 120.66, 462526, 976
3119, 0, 2058, 2145, 2100, 105, 80.20%, 0, 12, 7, 119.73, 463127, 976
3124, 0, 2058, 2145, 2100, 105, 80.20%, 0, 12, 7, 120.36, 463733, 976
3129, 0, 2058, 2145, 2100, 105, 80.20%, 0, 12, 7, 121.30, 464347, 976
3134, 0, 2058, 2145, 2100, 105, 80.20%, 0, 12, 7, 120.58, 464953, 976
3139, 0, 2058, 2145, 2100, 105, 80.20%, 0, 12, 7, 121.57, 465565, 976
3144, 0, 2058, 2147, 2102, 105, 80.20%, 0, 12, 7, 122.51, 466183, 976
3149, 0, 2058, 2148, 2103, 105, 80.20%, 0, 12, 7, 120.39, 466788, 976
3154, 0, 2058, 2150, 2105, 105, 80.20%, 0, 12, 7, 121.66, 467402, 976
3159, 0, 2058, 2151, 2106, 105, 80.20%, 0, 12, 7, 123.45, 468023, 976
3164, 0, 2058, 2153, 2108, 105, 80.20%, 0, 12, 7, 122.75, 468639, 976
3169, 0, 2058, 2154, 2109, 105, 80.28%, 0, 12, 7, 119.44, 469258, 977
3174, 0, 2058, 2155, 2110, 105, 80.28%, 0, 12, 7, 121.44, 469867, 977
3179, 0, 2058, 2156, 2111, 105, 80.28%, 0, 12, 7, 121.52, 470482, 977
3184, 0, 2058, 2157, 2112, 105, 80.28%, 0, 12, 7, 121.14, 471091, 977
3189, 0, 2058, 2157, 2112, 105, 80.28%, 0, 12, 7, 121.62, 471703, 977
3194, 0, 2058, 2157, 2112, 105, 80.28%, 0, 12, 7, 121.19, 472315, 977
3199, 0, 2058, 2158, 2113, 105, 80.28%, 0, 12, 7, 120.97, 472928, 977
3204, 0, 2058, 2159, 2114, 105, 80.28%, 0, 12, 7, 122.56, 473551, 977
